
# Please make this file available to others
# by sending it to <lirc@bartelmus.de>
#
# this config file was automatically generated
# using lirc-0.9.0-pre1(default) on Sun Jan 13 21:39:50 2019
#
# contributed by Tim Bairstow tim_bairstow@hotmail.com 
#
# brand:                       Sengled
# model no. of remote control: Unspecified  
# devices being controlled by this remote: Tesco LED lamp
#


begin remote

  name  sengled
  flags RAW_CODES|CONST_LENGTH
  eps            30
  aeps          100

  gap          107816

      begin raw_codes

          name KEY_BRIGHTNESSUP
             8973    4501     554     569     557     563
              573     546     562     591     540     559
              575     561     555     580     543     562
              568    1695     541    1693     543    1680
              580    1670     562    1675     561    1649
              616    1675     560    1651     588     567
              561     544     590     549     559     593
              541     561     569     556     552     590
              541     562     569    1703     535    1695
              539    1671     590    1693     540    1676
              561    1676     586    1654     582    1675
              563

          name KEY_BRIGHTNESSDOWN
             9006    4462     588     577     554     552
              580     544     563     587     557     530
              591     566     540     589     543     562
              569    1695     541    1694     540    1679
              583    1674     556    1676     561    1675
              586    1670     567    1678     562     568
              557    1676     566     569     557     557
              578     571     538     604     528     540
              591     563     543    1694     569     537
              565    1699     564    1675     562    1669
              565    1675     586    1675     563    1676
              556

          name KEY_WHITE
             8990    4460     595     562     573     534
              601     541     564     582     551     549
              581     554     553     582     550     555
              584    1681     548    1667     573    1659
              597    1665     576    1640     596    1677
              588    1660     575    1664     573    1641
              622    1669     569     551     584     556
              551     585     547     534     599     558
              548     584     547     558     575     558
              550    1697     566    1677     559    1637
              597    1666     597    1666     573    1673
              564

          name KEY_POWEROFF
             8987    4498     555     563     569     535
              597     559     550     581     550     557
              574     559     549     582     549     557
              573    1688     550    1664     570    1665
              595    1670     569    1665     572    1669
              594    1658     578    1666     569     565
              572    1666     568    1644     619     537
              569     564     569     532     602     555
              551     585     548    1690     545     583
              549     559     570    1670     570    1665
              567    1671     594    1666     571    1667
              569

          name KEY_POWERON
             8987    4500     554     566     564     540
              595     554     553     564     569     557
              574     540     567     588     545     560
              581    1680     547    1691     545    1666
              593    1671     562    1660     579    1674
              588    1674     564    1646     591    1675
              601    1660     566    1670     563     572
              560     553     583     541     566     593
              550     547     578     515     600     585
              557     546     575    1696     531    1694
              542    1686     575    1667     568    1673
              564

          name KEY_RED
             9003    4474     570     539     594     537
              596     547     571     572     555     556
              569     561     546     590     546     554
              577    1688     549    1681     555    1664
              597    1641     596    1663     574    1666
              598    1678     560    1640     597     560
              574     553     579     552     555    1638
              624     555     552     576     557     552
              583     531     575    1679     583    1635
              599    1674     562     568     567    1663
              572    1666     600    1665     568    1680
              561

          name KEY_GREEN
             8979    4490     566     568     565     540
              589     563     546     596     537     548
              581     559     548     582     549     558
              574    1687     551    1662     570    1664
              600    1668     568    1666     572    1667
              594    1680     559    1641     596    1671
              592     540     566     585     551    1665
              578     552     572     535     595     558
              550     585     548     557     573    1691
              546    1662     573     571     561    1667
              568    1669     593    1669     570    1668
              578

          name KEY_FLASH
             8987    4483     572     582     551     546
              586     536     570     587     546     552
              580     559     544     588     547     567
              564    1689     547    1664     571    1664
              595    1654     582    1673     566    1621
              642    1667     570    1671     566    1681
              582    1667     570    1670     568    1646
              616     540     568     563     571     532
              601     490     615     586     546     555
              577     558     547     585     548    1689
              543    1679     586    1664     570    1667
              569

          name KEY_STROBE
             8979    4486     567     569     561     542
              591     563     555     533     591     536
              592     568     542     589     544     559
              573    1693     543    1694     540    1670
              594    1671     564    1674     563    1672
              592    1684     556    1669     568    1670
              589    1675     566     537     593     574
              535    1669     596     558     544     575
              562     527     604     537     572     582
              551    1703     535    1687     574     540
              562    1684     585    1666     570    1667
              572

          name KEY_SMOOTH
             9019    4474     564     564     566     542
              595     564     542     566     573     565
              566     553     555     584     549     555
              577    1690     547    1693     547    1696
              602    1634     567    1652     585    1669
              596    1670     568    1682     561    1664
              595    1670     566    1672     567     564
              566    1668     573     562     568     541
              594     538     571     581     555     559
              572     533     576    1693     572     535
              570    1690     576    1679     559    1666
              570

          name KEY_MODE
             9006    4481     573     576     555     537
              595     550     557     570     567     535
              598     536     570     587     548     558
              576    1689     547    1691     547    1697
              568    1663     568    1672     568    1668
              595    1651     595    1670     569    1666
              593    1668     575     537     594    1637
              616    1654     573     578     554     534
              597     539     572     561     572     536
              599    1687     554     533     605     527
              573    1704     570    1669     572    1654
              573

          name KEY_R1
             9008    4476     579     562     570     537
              595     536     572     562     571     548
              583     554     552     597     537     558
              572    1691     545    1692     544    1665
              595    1679     558    1671     566    1671
              590    1673     566    1670     567     565
              568     537     595    1642     597    1667
              567     565     565     541     594     512
              605     569     552    1692     547    1666
              591     554     551     590     546    1660
              577    1669     590    1673     565    1671
              567

          name KEY_R2
             8988    4488     566     573     558     537
              597     536     570     583     552     558
              572     559     545     588     547     559
              573    1699     538    1691     543    1638
              622    1669     568    1678     559    1670
              590    1673     568    1644     592     564
              568     558     574     537     570     585
              550    1691     544     561     571     556
              577     555     550    1690     584    1656
              566    1645     592    1669     595     535
              569    1669     605    1635     591    1668
              569

          name KEY_R3
             8987    4489     563     572     583     512
              599     565     551     577     546     553
              580     561     553     583     549     554
              622    1651     532    1685     549    1624
              635    1642     594    1661     576    1671
              604    1656     568    1668     570     563
              569     553     580    1666     570     539
              602    1655     572     535     595     555
              553     586     548    1667     568    1665
              594     541     563    1648     615     546
              562    1668     591    1674     565    1672
              566

          name KEY_R4
             8999    4498     559     583     545     546
              586     562     547     590     545     539
              592     562     544     591     554     548
              571    1696     539    1697     539    1683
              579    1669     564    1673     561    1676
              587    1680     555    1677     560     571
              560     553     580     544     565    1698
              563    1666     570     538     587     557
              552     574     564    1696     539    1662
              599    1673     561     542     591     543
              562    1671     595    1645     586    1653
              583

          name KEY_G1
             8984    4497     557     565     566     538
              596     540     567     588     545     559
              572     562     545     586     547     558
              572    1688     550    1689     545    1665
              595    1680     557    1666     571    1671
              595    1667     566    1676     560    1659
              606     540     566    1671     592    1669
              565     540     606     532     565     584
              549     556     576     559     546    1691
              569     555     553     584     548    1675
              561    1665     595    1665     572    1667
              570

          name KEY_G2
             9010    4481     576     584     551     578
              556     543     563     581     552     554
              579     555     551     582     552     554
              578    1680     558    1660     575    1662
              602    1663     573    1623     617    1665
              600    1663     573    1663     576    1664
              601     531     580     575     558     554
              579    1657     579     531     602     547
              561     580     553     554     590    1651
              579    1655     578    1663     600     531
              578    1663     608    1652     577    1664
              574

          name KEY_G3
             8977    4486     570     580     551     546
              588     562     545     578     554     554
              579     563     546     582     550     558
              573    1691     548    1686     553    1664
              593    1669     568    1670     567    1669
              595    1670     568    1682     556    1665
              599     536     567    1674     594     533
              569    1672     626     509     565     563
              571     534     602     546     561    1689
              574     533     571    1692     577     544
              557    1667     597    1667     569    1667
              572

          name KEY_G4
             9059    4428     628     572     564     501
              635     507     601     582     557     548
              588     548     574     564     559     553
              582    1685     557    1631     607    1658
              608    1657     587    1656     583    1655
              611    1657     582    1660     591    1673
              582     556     553     556     580    1659
              579    1659     606     530     575     561
              580     529     607     552     558    1663
              603    1656     577     530     606     542
              567    1633     631    1646     595    1657
              582

          name KEY_B1
             9009    4469     576     579     555     553
              579     552     556     592     548     550
              581     560     550     580     550     555
              577    1694     540    1676     567    1667
              595    1658     568    1666     571    1671
              596    1668     569    1668     570     561
              573    1663     575    1677     585    1644
              596     533     598     535     572     588
              550     449     683    1699     540     529
              601     549     558     577     554    1691
              548    1664     596    1638     601    1664
              574

          name KEY_B2
             9040    4480     576     557     579     528
              605     555     555     578     568     536
              586     554     554     553     580     553
              582    1682     555    1670     568    1675
              585    1640     596    1668     574    1664
              602    1648     592    1660     578     556
              578    1662     576     558     580     527
              604    1648     590     531     602     531
              577     582     552    1660     576     556
              577    1658     578    1675     590     531
              576    1663     602    1661     579    1662
              574

          name KEY_B3
             9018    4486     570     564     570     550
              580     525     586     579     553     559
              574     558     548     585     548     557
              574    1700     539    1690     545    1665
              594    1671     565    1648     602    1659
              594    1644     594    1665     574     563
              567    1665     579    1665     594     539
              566    1673     594     551     555     561
              577     532     601    1688     551     532
              599     538     570    1665     601     556
              549    1665     601    1646     588    1666
              572

          name KEY_B4
             9009    4492     565     553     578     535
              600     533     574     584     552     541
              590     552     556     579     555     566
              567    1689     549    1687     549    1667
              596    1666     572    1670     569    1665
              598    1668     571    1667     572     569
              561    1624     619     568     563    1666
              573    1666     595     513     596     568
              580     524     598    1684     555     532
              598    1672     570     532     598     542
              566    1697     571    1662     572    1667
              574

      end raw_codes

end remote
